30
40
19
40
37
2
10
91
25
87
86
75
1
83
82
83
59
22
44
37
39
4
60
88
68
78
55
9
70
60
10
44
38
72
41
40
82
56
26
64
39
96
80
98
97
36
38
18
68
58
17
7
7
22
6
27
79
31
71
58
47
1
21
65
77
43
38
28
42
43
2
3
96
80
98
42
24
62
90
33
41
38
40
12
43
4
37
16
67
15
60
52
85
68
17
38
76
16
21
55
98
10
75
26
57
15
10
27
24
63
3
18
40
39
18
9
61
9
22
74
6
22
60
28
82
49
18
29
63
60
66
9
41
35
34
31
63
14
55
29
93
11
91
5
12
42
13
46
50
9
77
67
93
47
49
76
49
47
44
8
96
81
63
64
96
94
77
5
6
86
45
47
54
92
80
95
30
56
16
40
37
72
78
55
82
99
15
94
85
57
81
16
70
47
33
12
47
28
8
18
65
8
41
64
63
31
14
2
66
54
47
93
32
4
71
25
4
9
81
97
80
82
19
48
5
30
76
7
60
69
49
3
48
98
75
30
31
14
91
52
86
14
28
32
11
88
84
67
75
9
9
38
46
11
38
82
88
92
60
34
54
7
41
97
5
44
45
34
28
42
93
89
17
29
12
66
54
87
37
16
46
10
31
51
61
11
56
38
61
92
41
38
54
58
98
79
72
31
27
66
43
51
39
34
16
19
21
18
98
71
28
2
56
44
87
45
75
90
37
94
88
8
72
35
1
55
36
59
31
32
94
24
60
71
73
95
70
97
36
42
89
39
39
89
65
40
82
11
70
54
4
82
94
33
78
36
78
4
33
60
83
62
86
66
77
5
42
84
71
92
75
78
54
94
5
50
68
83
70
61
72
25
88
77
29
13
29
27
93
37
17
66
64
75
59
27
52
72
13
60
98
97
40
77
79
26
28
1
28
29
68
95
34
72
88
58
74
10
38
65
75
15
91
34
76
10
15
78
35
78
97
95
70
11
63
74
85
11
98
3
84
29
98
65
69
22
33
91
87
1
53
43
35
48
84
83
6
6
2
70
11
50
65
50
31
72
25
23
10
14
73
63
12
36
80
47
16
27
65
54
77
23
91
35
25
55
61
23
26
79
68
79
9
29
91
34
63
49
34
96
97
10
82
73
28
89
31
98
67
38
67
79
40
48
92
88
59
31
26
76
11
3
97
30
46
93
54
83
44
47
83
67
93
68
57
67
40
18
7
35
24
62
55
88
13
89
39
61
36
4
75
33
23
57
85
94
12
53
28
34
36
47
55
21
54
99
85
72
91
25
48
41
24
90
52
49
47
10
17
56
54
93
48
41
71
51
44
36
83
62
56
87
90
72
99
76
8
35
34
13
4
67
70
11
55
35
10
33
6
37
48
3
36
71
79
42
99
15
49
4
55
50
89
30
69
61
50
51
91
75
41
13
75
4
52
87
24
38
85
37
42
12
31
46
15
54
51
20
92
57
77
92
85
31
57
54
78
41
41
94
84
58
41
30
95
35
27
32
19
92
19
62
29
13
62
44
19
43
15
16
10
31
58
34
98
48
28
44
46
98
9
83
96
91
52
83
70
2
50
79
27
19
1
1
39
16
64
72
69
14
36
35
26
26
84
54
99
8
31
47
8
83
85
21
84
36
65
38
61
78
73
18
93
36
88
91
30
58
95
83
84
55
75
33
63
73
58
71
8
98
83
63
70
3
71
44
33
80
16
3
51
26
12
90
41
18
42
89
37
92
24
42
12
48
63
52
9
53
58
12
78
93
31
62
94
10
48
91
64
45
58
50
43
93
33
59
44
84
91
45
32
68
34
15
75
42
52
22
40
19
35
79
23
5
25
57
95
49
96
31
70
50
26
92
34
74
98
19
16
4
9
25
62
13
80
10
60
17
87
52
58
26
52
45
10
79
28
39
68
75
64
94
87
60
75
81
43
42
80
1
44
33
7
36
11
11
18
10
24
15
97
79
62
44
73
44
98
80
82
55
47
60
50
40
40
15
37
2
38
99
67
18
36
86
9
25
20
16
35
99
62
18
15
53
78
84
32
44
87
31
82
62
60
25
54
83
82
66
95
95
74
16
72
25
48
79
43
75
35
48
25
83
45
83
93
29
46
97
62
55
83
92
14
7
17
5
58
12
32
26
42
54
20
40
25
46
45
89
5
99
42
56
10
40
7
99
17
76
32
25
38
85
4
41
12
82
3
65
8
44
22
32
43
9
6
71
63
6
58
48
83
56
92
63
14
27
82
74
1
18
