38
97
51
55
77
59
59
86
50
78
52
83
42
53
89
33
76
45
96
15
21
54
10
30
4
60
38
79
76
8
34
50
16
36
91
11
4
54
6
11
34
27
40
4
7
83
25
41
45
93
44
94
24
9
25
83
88
22
51
17
21
80
10
43
45
2
68
7
61
78
30
22
39
86
80
94
14
6
23
21
36
96
34
83
64
39
27
7
11
8
22
82
4
89
89
54
17
97
58
6
16
19
79
67
64
22
56
38
29
30
70
83
99
31
81
25
46
27
79
7
74
61
95
54
56
47
19
50
96
27
78
17
48
17
5
17
18
67
19
42
82
89
78
80
38
39
82
72
8
65
9
90
19
51
31
55
24
26
11
17
4
7
41
3
52
53
36
82
27
65
8
78
8
37
25
85
82
15
16
17
65
47
43
32
19
87
98
96
85
50
92
91
57
2
38
76
49
76
29
84
4
99
46
42
58
30
82
81
27
46
73
9
10
93
52
57
64
9
83
64
55
39
97
76
72
16
22
6
99
49
37
6
86
31
14
65
2
1
74
89
6
17
69
40
77
84
82
63
50
81
12
40
92
64
30
64
3
69
70
42
8
76
82
78
10
67
23
78
80
87
55
64
35
94
59
39
70
57
99
88
34
59
56
18
37
96
13
23
2
49
62
33
30
32
81
29
35
91
31
10
62
4
83
63
26
48
5
97
5
91
94
46
69
81
9
49
21
64
41
13
54
1
76
31
25
23
34
4
14
31
4
78
27
90
27
30
75
93
91
88
92
15
18
11
55
17
63
48
23
33
9
70
51
19
55
61
27
53
38
3
15
2
84
74
87
16
19
78
55
79
73
27
73
52
20
39
82
66
75
9
60
85
80
81
22
33
28
9
35
65
3
23
55
88
74
90
31
43
24
39
98
84
93
44
59
81
97
98
98
17
79
61
77
30
43
30
21
4
53
54
88
10
44
90
76
51
72
84
78
30
9
39
42
37
11
75
91
37
22
40
36
30
11
19
85
41
45
26
46
45
69
27
90
69
50
88
41
3
67
8
10
14
20
69
8
40
20
41
20
68
38
84
81
13
19
59
99
25
5
35
7
46
39
34
60
81
48
72
86
22
34
88
70
15
30
23
10
42
12
45
22
4
6
77
7
85
46
77
51
91
88
16
98
32
2
64
74
86
9
26
91
47
55
97
34
49
14
67
82
96
50
58
14
59
13
3
41
61
27
74
36
70
22
94
34
18
90
38
14
66
48
23
33
85
54
75
49
8
43
58
71
79
94
55
42
31
3
40
19
99
23
14
60
35
90
21
25
60
64
17
58
76
54
17
48
27
25
29
6
38
53
33
18
68
3
57
75
67
53
3
16
51
20
14
43
35
63
98
94
33
51
88
44
27
99
95
25
78
7
15
6
73
34
81
46
90
95
91
32
34
45
58
7
61
1
8
57
40
73
14
64
27
34
73
86
64
88
90
68
8
32
97
60
39
97
42
17
38
68
53
39
72
67
61
87
93
82
82
27
92
39
85
6
93
51
79
40
61
94
81
2
5
23
25
2
48
97
68
64
58
90
19
71
20
75
91
60
72
86
93
82
7
64
76
68
46
92
67
88
18
3
56
43
87
51
34
49
43
59
39
95
14
19
68
2
20
15
85
18
59
20
67
75
2
98
95
41
47
56
56
56
31
79
47
56
35
76
84
69
41
43
17
13
47
98
68
87
96
74
48
32
7
49
30
98
35
81
42
88
56
93
3
86
4
83
65
35
72
12
67
44
30
17
77
16
3
55
28
4
31
8
44
72
8
24
49
81
50
48
22
54
35
95
13
48
40
31
9
64
33
34
16
84
8
5
2
90
72
14
95
80
53
39
58
48
49
31
79
80
34
83
84
24
89
13
10
34
4
30
76
72
46
63
70
96
92
60
64
4
22
58
10
37
53
42
1
96
38
64
98
10
51
29
31
50
50
92
95
94
95
67
86
43
37
23
35
89
69
61
56
89
66
76
58
75
74
47
70
48
13
14
96
40
31
67
21
17
33
20
46
99
64
69
8
55
71
67
99
30
8
11
27
76
8
10
43
75
71
55
75
4
22
47
82
81
71
47
12
70
3
18
57
49
15
57
25
97
68
4
4
8
47
41
41
2
86
20
32
22
24
46
46
77
45
43
78
18
87
27
83
24
55
30
28
89
54
78
62
51
84
45
8
68
51
68
56
81
7
80
95
52
16
90
46
57
72
79
5
71
79
8
11
42
20
79
52
18
13
51
48
